101 102 5000
101 103 2500
102 104 3000
102 105 4500
103 106 6000
103 107 1200
104 108 7000
105 109 1500
106 110 8000
107 111 2000
108 112 3500
109 113 4000
110 114 1000
111 115 500
112 116 600
113 117 1200
114 118 1800
115 119 2200
116 120 3100
117 121 900
118 122 2700
119 123 1300
120 124 4500
121 125 3700
122 126 2900
123 127 1100
124 128 2100
125 129 3200
126 130 1500
127 131 4000
128 132 3600
129 133 2800
130 134 3900
131 135 4100
132 136 2200
133 137 1800
134 138 1500
135 139 500
136 140 700
137 141 900
138 142 1100
139 143 1300
140 144 800
141 145 1200
142 146 1400
143 147 600
144 148 1000
145 149 500
146 150 700
147 101 900
148 102 1500
149 103 1600
150 104 1800
101 105 2000
102 106 2200
103 107 2500
104 108 2600
105 109 2700
106 110 2800
107 111 3000
108 112 3100
109 113 3200
110 114 3300
111 115 3400
112 116 3500
113 117 3600
114 118 3700
115 119 3800
116 120 3900
117 121 4000
118 122 4100
119 123 4200
120 124 4300
121 125 4400
122 126 4500
123 127 4600
124 128 4700
125 129 4800
126 130 4900
127 131 5000
128 132 5100
129 133 5200
130 134 5300
131 135 5400
132 136 5500
133 137 5600
134 138 5700
135 139 5800
136 140 5900
137 141 6000
138 142 6100
139 143 6200
140 144 6300
141 145 6400
142 146 6500
143 147 6600
144 148 6700
145 149 6800
146 150 6900
147 101 7000
148 102 7100
149 103 7200
150 104 7300
101 105 7400
102 106 7500
103 107 7600
104 108 7700
105 109 7800
106 110 7900
107 111 8000
108 112 8100
109 113 8200
110 114 8300
111 115 8400
112 116 8500
113 117 8600
114 118 8700
115 119 8800
116 120 8900
117 121 9000
118 122 9100
119 123 9200
120 124 9300
121 125 9400
122 126 9500
123 127 9600
124 128 9700
125 129 9800
126 130 9900
127 131 10000
128 132 10100
129 133 10200
130 134 10300
131 135 10400
132 136 10500
133 137 10600
134 138 10700
135 139 10800
136 140 10900
137 141 11000
138 142 11100
139 143 11200
140 144 11300
141 145 11400
142 146 11500
143 147 11600
144 148 11700
145 149 11800
146 150 11900
147 101 12000
148 102 12100
149 103 12200
150 104 12300
